start_hhmmss,end_hhmmss,text
00:00:00,00:00:02,(upbeat music)
00:00:02,00:00:16,- Hello and welcome to another episode of Little Fish.
00:00:16,00:00:17,My name's Andrew Hunter Murray.
00:00:17,00:00:20,I'm joined by Dan Shriver and Anna Tijinsky
00:00:20,00:00:23,and we are here with some of your best facts
00:00:23,00:00:25,from the last seven days.
00:00:25,00:00:27,That's the whole intro.
00:00:27,00:00:28,- I like it.
00:00:28,00:00:30,- It's my first time and I'm wowed.
00:00:30,00:00:35,- I think Andy's very good at intros and that was a prime example.
00:00:35,00:00:37,- Well the outros are where I shine.
00:00:37,00:00:40,"But anyway, let's get on, does anyone have an audience"
00:00:40,00:00:41,fact they'd like to bring to the table?
00:00:41,00:00:43,"- Yeah, I got one here, this is from Kauri Eaton"
00:00:43,00:00:46,and this is my first Little Fish fact.
00:00:46,00:00:48,"So it has to be really good, Kauri."
00:00:48,00:00:51,"And it's the fact that up until 1999,"
00:00:51,00:00:54,the state of Montana didn't have speed limit signs
00:00:54,00:00:55,along their highways.
00:00:55,00:00:59,"The sign simply said, ""Drive what is reasonable and prudent."""
00:00:59,00:01:01,(laughing)
00:01:01,00:01:02,- I like that.
00:01:02,00:01:05,"- Tree, the public like grown-ups."
00:01:05,00:01:07,And I'm sure they won't take the piss.
00:01:07,00:01:09,What kind of debate do you have with the cult
00:01:09,00:01:11,that's pulled you over when they don't think
00:01:11,00:01:12,that you have been driving?
00:01:12,00:01:14,"- Well I think that's an interesting conversation, isn't it?"
00:01:14,00:01:16,"It was raining, but my time is very good."
00:01:16,00:01:19,"I've been a hurry, I've only had one drink."
00:01:19,00:01:23,"My wife is giving birth, so celebrating early."
00:01:24,00:01:27,- But every police car is followed by a philosopher car.
00:01:27,00:01:28,"That's the nice thing, yes, right?"
00:01:28,00:01:30,- I didn't talk about what is prudence.
00:01:30,00:01:33,- I wonder what the most unbelievable amount of excuses
00:01:33,00:01:36,were in one single car that was speeding.
00:01:36,00:01:40,"A wife and labour, there were bees in the back."
00:01:40,00:01:41,- A brick fell on the accelerator.
00:01:41,00:01:43,"- Yeah, yeah, yeah."
00:01:43,00:01:45,"- Well you don't need excuses, there is no limit."
00:01:45,00:01:48,"I've worked question, Kauri, the wording,"
00:01:48,00:01:50,"""Drive what is reasonable and prudent?"""
00:01:50,00:01:53,"- It's very cockney, it's London."
00:01:53,00:01:55,It's reasonable.
00:01:55,00:01:57,"So I'm not sure that's exactly what they read,"
00:01:57,00:02:00,"but anyway, it's true, I've checked it."
00:02:00,00:02:04,And it was actually because there was a famous 55 mile
00:02:04,00:02:06,an hour speed limit in America.
00:02:06,00:02:10,What a snooze between the 70s and the 90s
00:02:10,00:02:11,because of the oil crisis.
00:02:11,00:02:12,- Oh really?
00:02:12,00:02:15,"- So Nixon imposed, I know it could come again."
00:02:15,00:02:16,"- Wow, look forward to that."
00:02:16,00:02:17,- Yes.
00:02:17,00:02:18,- Coming back.
00:02:18,00:02:20,- All electric car drivers will be allowed to go
00:02:20,00:02:22,at 300 miles an hour.
00:02:23,00:02:27,But then it was revoked in 1995
00:02:27,00:02:30,"and Montana said, ""Okay, we've forgotten how to do speed limits."
00:02:30,00:02:31,"""Proper speed limits."""
00:02:31,00:02:33,"So we'll just say, ""Drive however fast you like."""
00:02:33,00:02:36,"- Yeah, that's almost like if it was to do the gas,"
00:02:36,00:02:38,it's drive at a patriotic speed.
00:02:38,00:02:42,One that will not disrupt the system around you.
00:02:42,00:02:43,"Nice, very nice."
00:02:43,00:02:44,- Very nice.
00:02:44,00:02:45,- That's great car.
00:02:45,00:02:45,"- Yeah, that's of another."
00:02:45,00:02:47,"- Yeah, okay, well this one is from Mary Campbell,"
00:02:47,00:02:49,"who says, ""Movie actor, Robert Redford,"""
00:02:49,00:02:51,"who was born in 1936,"
00:02:51,00:02:55,"was a Paul Barrow for liver eating Johnson,"
00:02:55,00:02:57,a man who died in the year 1900.
00:02:57,00:02:59,And can we guess what he died of?
00:02:59,00:03:03,- I'm gonna have a punt at raw liver.
00:03:03,00:03:04,- Incorrect.
00:03:04,00:03:04,"- Oh, yeah."
00:03:04,00:03:06,"You've missed the bigger headline here,"
00:03:06,00:03:09,"which is that how was a man born in 1936,"
00:03:09,00:03:12,bearing a man who died in 1900?
00:03:12,00:03:13,"- Oh yeah, completely fast."
00:03:13,00:03:16,- I've got a guess.
00:03:16,00:03:19,"- Guess it, long delayed funeral."
00:03:19,00:03:21,"- It was a nightmare to organize, yeah."
00:03:21,00:03:22,- Absolutely.
00:03:22,00:03:25,"- So you guess you have to come from a long way away, don't you?"
00:03:25,00:03:25,- Exactly.
00:03:25,00:03:28,"And then before you know, 45 years have passed, yeah."
00:03:28,00:03:30,"The canopays, do you have liver?"
00:03:30,00:03:31,Is that...
00:03:31,00:03:34,"No, what it was is that this was quite a famous American."
00:03:34,00:03:38,"This was a guy called John liver eating Johnston,"
00:03:38,00:03:41,"or Johnston, but he was really garrison."
00:03:41,00:03:43,So he was born garrison.
00:03:43,00:03:45,"He changed his name to Johnston,"
00:03:45,00:03:47,but then the newspapers misprinted his name as Johnston.
00:03:47,00:03:49,So he's sort of got three names.
00:03:49,00:03:50,I feel like we're focusing of the wrong element
00:03:50,00:03:52,of his name has already drilled out into it.
00:03:52,00:03:53,"- Well, it's just a very confusing story"
00:03:53,00:03:55,because this is one of those characters
00:03:55,00:03:57,"who's sort of stuck in myth, you know?"
00:03:57,00:04:00,He became famous because his obituary came out
00:04:00,00:04:03,"and everyone found out about him,"
00:04:03,00:04:04,but he didn't die for another 20 years
00:04:04,00:04:05,after his obituary came out.
00:04:05,00:04:06,- All right.
00:04:06,00:04:07,- Yes.
00:04:07,00:04:09,"- Sorry, can we quickly talk about the liver eating thing?"
00:04:09,00:04:11,I know this is elephant in the room.
00:04:11,00:04:12,"- Okay, done."
00:04:12,00:04:15,This is the most confusing thing we could possibly introduce.
00:04:15,00:04:16,- It's really easy.
00:04:16,00:04:19,"Okay, a man born in 1936,"
00:04:19,00:04:21,"buried a man who died in 1900,"
00:04:21,00:04:23,"whose name was either garrison Johnston or Johnston,"
00:04:23,00:04:27,and he became famous in America 20 years before he died
00:04:27,00:04:28,because his obituary was released.
00:04:28,00:04:29,- Okay.
00:04:29,00:04:30,- What are you not getting?
00:04:30,00:04:31,"- Nothing, nothing."
00:04:31,00:04:32,- Why was he famous?
00:04:32,00:04:33,- No further question.
00:04:33,00:04:33,- Okay.
00:04:33,00:04:36,So his obituary was accidentally released 20 years
00:04:36,00:04:39,"before he died, and yes,"
00:04:39,00:04:41,he wouldn't write an obituary for someone
00:04:41,00:04:43,unless they were already famous.
00:04:43,00:04:45,- That's not true because there are lots of people
00:04:45,00:04:47,"when you read the times obituary's who you go,"
00:04:47,00:04:49,"wow, how did I never hear about this person?"
00:04:49,00:04:52,They may have been famous in their own field.
00:04:52,00:04:53,- It's never someone who's just done nothing.
00:04:53,00:04:55,"You never have the obituary,"
00:04:55,00:04:58,"big full page in the times, empty space."
00:04:58,00:04:59,- Absolutely.
00:04:59,00:04:59,"- Born, lived, died."
00:04:59,00:05:01,So how'd he done anything?
00:05:01,00:05:04,"- Yeah, I think John liver eating Johnston"
00:05:04,00:05:05,had done something out of.
00:05:05,00:05:07,"Yeah, he ate livers."
00:05:07,00:05:08,So this was...
00:05:08,00:05:14,- Because James edits this show and he's not on.
00:05:14,00:05:16,It's just incredible to see you laying this massive bear trap
00:05:16,00:05:19,for him so early on as well.
00:05:19,00:05:21,"- He was an American frontiersman,"
00:05:21,00:05:23,and he became famous because these myths
00:05:23,00:05:25,went around about him that he was killing
00:05:25,00:05:28,"a lot of Native Americans of one particular tribe,"
00:05:28,00:05:31,and it was in revenge of the fact
00:05:31,00:05:33,that they had murdered his wife.
00:05:33,00:05:35,And the idea was that he would kill them
00:05:35,00:05:36,and he would remove their liver.
00:05:36,00:05:40,And supposedly it was 300 of them that he'd done this with.
00:05:40,00:05:42,And this became a big myth about him
00:05:42,00:05:45,that kind of got spread around America.
00:05:45,00:05:47,- Was he liked or doesn't sound like a good?
00:05:47,00:05:50,"- No, but also it's kind of a weird myth"
00:05:50,00:05:53,because the interviewers and biographers have looked into it
00:05:53,00:05:55,and they say actually it was all myth
00:05:55,00:05:57,and actually he was friends with that tribe
00:05:57,00:06:00,"and they shared liver with him from other animals,"
00:06:00,00:06:02,so he was a good friend of theirs.
00:06:02,00:06:03,But he became particularly famous
00:06:03,00:06:05,because Robert Redford starred in a movie
00:06:05,00:06:08,about his life telling this story.
00:06:08,00:06:10,"And at the time that that was happening,"
00:06:10,00:06:12,"there was a school, a middle school in America,"
00:06:12,00:06:14,and the teacher was telling the story of this guy
00:06:14,00:06:17,who had died penniless and he died in an area of San Diego
00:06:17,00:06:20,where he was basically buried under a freeway.
00:06:20,00:06:22,But he'd said he'd love to be buried in the Rockies.
00:06:22,00:06:25,So there was a big push to have him re-buried
00:06:25,00:06:27,and as a result Robert Redford was a poor bearer.
00:06:27,00:06:28,- Because he'd played him in the film.
00:06:28,00:06:30,"- Yeah, exactly."
00:06:30,00:06:31,- And he had to carry the coffin
00:06:31,00:06:33,from his original burial place to the Rockies.
00:06:33,00:06:36,"- It's a long distance, yeah."
00:06:36,00:06:40,"So what I said at the start, like long delayed funeral,"
00:06:40,00:06:41,we could have just said yes to that.
00:06:41,00:06:45,"- No, you can't just leave it at that, can you?"
00:06:45,00:06:48,"I mean, it was general enough that..."
00:06:48,00:06:49,"- No, it's fair enough."
00:06:49,00:06:50,"Stunning, yeah."
00:06:50,00:06:52,- I still don't feel like we got to the bottom of it.
00:06:52,00:06:53,"- Really, interesting."
00:06:53,00:06:54,"- No, I do."
00:06:54,00:06:55,- Okay.
00:06:55,00:06:59,Here's one from John Lourish and John Rice.
00:06:59,00:07:00,I was talking with a friend who works
00:07:00,00:07:03,in the pool and technology industry.
00:07:03,00:07:05,She sells pool-related technology.
00:07:05,00:07:07,"Okay, like swimming pool, the water pools."
00:07:07,00:07:09,She says one of their biggest clients
00:07:09,00:07:12,is Kerberg nuclear power station here in the Western Cape
00:07:12,00:07:14,of South Africa.
00:07:14,00:07:17,My fact is that Kerberg nuclear power station
00:07:17,00:07:22,uses kamikaze scuba rumbers to help clean the water
00:07:22,00:07:24,that's been used in the reactor.
00:07:24,00:07:27,So these are vacuum cleaners.
00:07:27,00:07:28,- Yeah.
00:07:28,00:07:30,"- Water vacuum clean, wet vacuum cleaners,"
00:07:30,00:07:32,"'cause you get wet or dry ones, don't you?"
00:07:32,00:07:33,- Yeah.
00:07:33,00:07:35,- And the filter units they have are unable to filter
00:07:35,00:07:37,out really small radioactive particles.
00:07:37,00:07:41,"So these scuba diving underwater vacuum cleaners,"
00:07:41,00:07:44,robots are sent in to just filter the water
00:07:44,00:07:47,and they're doomed because obviously
00:07:47,00:07:48,"it's radioactive, they will break."
00:07:48,00:07:50,And apparently this is a really common solution
00:07:50,00:07:52,for nuclear reactor maintenance.
00:07:52,00:07:54,"- Hang on, so they just clean as much as they possibly can"
00:07:54,00:07:55,before they eventually expire?
00:07:55,00:07:57,"- I know, and then they're radioactive"
00:07:57,00:07:58,and then they have to be buried
00:07:58,00:07:59,with the radioactive waste.
00:07:59,00:08:02,"- And Robert Redford always is the pool bear, right?"
00:08:02,00:08:02,- Always.
00:08:02,00:08:04,(laughing)
00:08:04,00:08:05,- That's cool.
00:08:05,00:08:07,"- Yeah, Selefield has a load of,"
00:08:07,00:08:10,they found an old radioactive vacuum cleaner
00:08:10,00:08:13,that was buried at Selefield after an accident there.
00:08:13,00:08:15,"- Yeah, it's quite, it's just a common thing."
00:08:15,00:08:16,"It's like kitchen roll, isn't it?"
00:08:16,00:08:17,- Yeah.
00:08:17,00:08:18,"- Once you use the kitchen roll,"
00:08:18,00:08:19,you have to throw away the kitchen roll.
00:08:19,00:08:21,"- No, I put it back on the preparation."
00:08:21,00:08:22,- It's so horrible.
00:08:22,00:08:23,- It's so horrible.
00:08:23,00:08:26,"- You sell the tape and it goes down here, yeah."
00:08:26,00:08:27,"- Yeah, hang it up to dry."
00:08:27,00:08:30,"- Oh, good to see that there's an underwater vacuum cleaner now."
00:08:30,00:08:31,You're gonna invest?
00:08:31,00:08:34,"- Well, I should be dead for what I did"
00:08:34,00:08:35,about two years ago.
00:08:35,00:08:37,(laughing)
00:08:37,00:08:38,"- Had a broken washing machine,"
00:08:38,00:08:39,"and I managed to get the door open,"
00:08:39,00:08:41,but there was a pool of water underneath it.
00:08:41,00:08:42,"And I don't know what I was thinking,"
00:08:42,00:08:46,but I thought I'll vacuum it out and finale saw me
00:08:46,00:08:48,and quickly explain that.
00:08:48,00:08:51,"- A wipe shouting, you suck from the doorway."
00:08:51,00:08:53,(laughing)
00:08:53,00:08:56,- You can get wet/dry vacuum cleaners.
00:08:56,00:08:57,- Doesn't they can do both?
00:08:57,00:08:57,- Yes.
00:08:57,00:08:58,- They are pibious.
00:08:58,00:08:59,- Yes.
00:08:59,00:09:00,- Nice.
00:09:00,00:09:02,- That was the big revelation for me researching this fact.
00:09:02,00:09:03,"- Yeah, that's good."
00:09:03,00:09:05,"- I can't work out why I'd use that for if the bath is dirty,"
00:09:05,00:09:08,"but there's someone in it at the time, so I can't empty it."
00:09:08,00:09:12,"- I mean, maybe that's really passive aggressive cleaning, isn't it?"
00:09:12,00:09:14,(laughing)
00:09:14,00:09:18,"- No, we love having you over, so please, feel at home."
00:09:18,00:09:20,- But I just imagine why did you for lunch
00:09:20,00:09:21,"and now you're in my bath, then?"
00:09:21,00:09:24,(laughing)
00:09:24,00:09:25,"- Okay, another fact."
00:09:25,00:09:27,A fact for you from Paul Bernard.
00:09:27,00:09:29,"A fact for you, he says,"
00:09:29,00:09:32,"related to an older segment you did about high-coupoetry,"
00:09:32,00:09:34,so well that I remember that.
00:09:34,00:09:36,"The Northern California town of Yukaya,"
00:09:36,00:09:39,host an annual high-coup festival.
00:09:39,00:09:41,Can you guys guess why?
00:09:41,00:09:43,- It's a big Japanese population.
00:09:43,00:09:44,- No.
00:09:44,00:09:45,- Okay.
00:09:45,00:09:47,- Yukaya.
00:09:47,00:09:47,- Is this an enagram?
00:09:47,00:09:48,"- Well, it's an enagram."
00:09:48,00:09:49,- It's an enagram.
00:09:49,00:09:50,"- Yeah, a festival."
00:09:50,00:09:51,- Should I hike it?
00:09:51,00:09:52,(laughing)
00:09:52,00:09:53,- A hike-o.
00:09:53,00:09:54,- A hike-o.
00:09:54,00:09:54,- Yes.
00:09:54,00:09:56,"- But that's not why it's cool, that."
00:09:56,00:09:59,"It's named after a village, Native American village,"
00:09:59,00:10:01,"the pomo people called Yukaya,"
00:10:01,00:10:02,"but I guess they thought, you know what,"
00:10:02,00:10:05,we're almost an enagram of high-coupoetry.
00:10:05,00:10:06,So let's do it.
00:10:06,00:10:07,They have a high-coup festival.
00:10:07,00:10:08,- Is it a palindrome?
00:10:08,00:10:09,"- It's palindrome, yeah."
00:10:09,00:10:10,- Nice.
00:10:10,00:10:11,"- Hold on, no, no, it's not a palindrome."
00:10:11,00:10:12,What do you mean?
00:10:12,00:10:13,It's high-couped backwards.
00:10:13,00:10:16,"- But I don't even know if there's a word for what this is,"
00:10:16,00:10:17,a reverse.
00:10:17,00:10:18,"- It's, yes."
00:10:18,00:10:19,- Wrong way round.
00:10:19,00:10:20,Wrong way round work.
00:10:20,00:10:22,"'Cause an enagram is just, you scramble the words."
00:10:22,00:10:22,"- Yeah, you're right."
00:10:22,00:10:23,- That's my big deal.
00:10:23,00:10:24,Isn't that butchers speak in Australia
00:10:24,00:10:26,when they speak a word the wrong way round?
00:10:26,00:10:27,- Yes.
00:10:27,00:10:29,"- Here's some fish a long time ago and we had Susie Denton,"
00:10:29,00:10:31,"talking about it, where they speak."
00:10:31,00:10:32,They speak backwards.
00:10:32,00:10:33,- That's difficult.
00:10:33,00:10:34,- To confuse customers.
00:10:34,00:10:35,- Okay.
00:10:35,00:10:38,- She'll lure them into buying low quality meat.
00:10:38,00:10:40,- I just thought it wouldn't tempt me at all.
00:10:40,00:10:42,I think it'd gone mad.
00:10:42,00:10:44,- This meat is wriggling with Tom Mags.
00:10:44,00:10:50,Should we have another letter?
00:10:50,00:10:51,"This is from Alex from Manchester,"
00:10:51,00:10:54,"who says, on top of Cock Tobey,"
00:10:54,00:10:55,which is one of the highest points
00:10:55,00:10:58,"of the city center of Almaty and Kazakhstan,"
00:10:58,00:11:00,stands a monument to the Beatles.
00:11:00,00:11:03,That's very nice.
00:11:03,00:11:04,"- Yes, that's right."
00:11:04,00:11:05,- Do they play Kazakhstan?
00:11:05,00:11:06,- They never played Kazakhstan
00:11:06,00:11:08,"and this is an interesting point, I guess,"
00:11:08,00:11:09,that Alex is trying to mate.
00:11:09,00:11:11,"That QI, or no such thing as a fish,"
00:11:11,00:11:13,once covered that the furthest point on earth
00:11:13,00:11:18,from the ocean is in Urumki on the Kazakhstan Chinese border.
00:11:18,00:11:21,Otherwise known as the Eurasian pole of inaccessibility.
00:11:21,00:11:23,And this is a mere few hundred kilometers
00:11:23,00:11:24,from Cock Tobey in Almaty.
00:11:24,00:11:26,I'm going to claim that Cock Tobey
00:11:26,00:11:28,"is the Beatles' pole of inaccessibility,"
00:11:28,00:11:30,being the furthest point that a Beatles' monument exists
00:11:30,00:11:33,from a performance by any Beatles.
00:11:33,00:11:34,Lovely.
00:11:34,00:11:36,"- Yeah, and they've said I'm open to being corrected"
00:11:36,00:11:38,and I had a quick look.
00:11:38,00:11:40,Paul McCartney did play the Red Square.
00:11:40,00:11:43,"He did play Russia, so okay."
00:11:43,00:11:45,"It's still a great distance,"
00:11:45,00:11:49,but I don't know whether or not there's anywhere closer.
00:11:49,00:11:51,- Did they go down under the Beatles?
00:11:51,00:11:52,- Just as really obvious.
00:11:52,00:11:53,"- Absolutely, they did, okay."
00:11:53,00:11:57,"But without Ringo, so if you miss an Abedal, does that count?"
00:11:57,00:11:58,- Did he not go?
00:11:58,00:11:59,- What the hell?
00:11:59,00:12:00,- On the three of them went.
00:12:00,00:12:02,"- Yeah, and they had another drummer come in"
00:12:02,00:12:03,who was not Pete Best.
00:12:03,00:12:04,It was a different one.
00:12:04,00:12:05,- Yeah.
00:12:05,00:12:06,- Did anyone notice?
00:12:06,00:12:09,"- Yeah, they were pretty famous at the time."
00:12:09,00:12:10,- I just heard the slam on Ringo.
00:12:10,00:12:13,"- Yeah, but this was, do you know what this was?"
00:12:13,00:12:15,This was largely Kazakhstan trying to say
00:12:15,00:12:19,that the Beatles have had an extraordinary influence
00:12:19,00:12:21,on Kazakhstan generally.
00:12:21,00:12:23,People would have started learning English
00:12:23,00:12:25,because they were listening to Beatles records.
00:12:25,00:12:29,"And so this was done, I think in about 2007"
00:12:29,00:12:30,"that this monument was put up,"
00:12:30,00:12:33,and it was also put up because they were trying to fix
00:12:33,00:12:35,the reputation of Kazakhstan from the damage
00:12:35,00:12:38,that Borat had done and the perception.
00:12:38,00:12:40,"- I gotta say, a Beatles monument,"
00:12:40,00:12:41,"thousands of miles from anywhere there,"
00:12:41,00:12:43,but it does sound like the sort of thing
00:12:43,00:12:46,you would set up in much the same way
00:12:46,00:12:47,"that you're, where was it?"
00:12:47,00:12:50,Your Laurel and Hardy themed ice cream parlor
00:12:50,00:12:51,in…
00:12:51,00:12:52,- In Kosovo.
00:12:52,00:12:53,"- In Kosovo, yeah."
00:12:53,00:12:54,"- You missed this, Anna."
00:12:54,00:12:55,- What?
00:12:55,00:12:56,"- I'll tell you later, time."
00:12:56,00:12:57,- You don't need to.
00:12:57,00:13:00,- Here's a great one from Cash Howard.
00:13:00,00:13:03,"The fact is, the Toko Tukon's beak"
00:13:03,00:13:06,can comprise up to half the total surface area
00:13:06,00:13:07,of its body.
00:13:07,00:13:10,- Imagine the surface area of a Tukon.
00:13:10,00:13:11,- Yeah.
00:13:11,00:13:12,- Toko Tukon.
00:13:12,00:13:15,"You've got me on the sun's beaches there, I'm not."
00:13:15,00:13:17,"It's the one with the really, really big beak."
00:13:17,00:13:17,"- Oh, yeah."
00:13:17,00:13:18,- Yeah.
00:13:18,00:13:20,- It could be just like a really…
00:13:20,00:13:21,- It could be decent.
00:13:21,00:13:22,- But it could be that this Tukon
00:13:22,00:13:23,has a really spiky beak.
00:13:23,00:13:24,- It's not that it's wrinkled.
00:13:24,00:13:25,"- Oh, yeah."
00:13:25,00:13:28,- But its beak's tend not to be wrinkled.
00:13:28,00:13:29,- It's hard.
00:13:29,00:13:30,- It's going to be hard in the beak.
00:13:30,00:13:31,"- Yeah, yeah."
00:13:31,00:13:32,Please write in if you know a bird
00:13:32,00:13:33,with an amazingly wrinkled beak.
00:13:33,00:13:36,"But basically, what they use it for is so cool."
00:13:36,00:13:39,It's partly for heat transfer.
00:13:39,00:13:42,So it gets obviously very hot in the tropical environments
00:13:42,00:13:43,where they live.
00:13:43,00:13:46,And it uses it to pump heat out into the surrounding area.
00:13:46,00:13:48,So it's got this network of blood vessels under the surface.
00:13:48,00:13:51,And it just radiates heat out away from it.
00:13:51,00:13:53,Kind of like elephants do with their ears or that kind of thing.
00:13:53,00:13:56,It's basically a massive radiator.
00:13:56,00:13:59,They can pump out 400% of the heat that they are generating
00:13:59,00:14:01,if they are overheating.
00:14:01,00:14:03,"So if you touch their beak, it would be noticeably hot"
00:14:03,00:14:05,if it was a very hot day.
00:14:05,00:14:07,"- I guess it would, yeah."
00:14:07,00:14:09,"- You could use them as radiators, couldn't you?"
00:14:09,00:14:11,- You could hang your socks on the beak of a Tukon.
00:14:11,00:14:12,- You could.
00:14:12,00:14:13,"- They don't like that, though."
00:14:13,00:14:14,It's very disrespectful.
00:14:14,00:14:15,- It is.
00:14:15,00:14:17,- Points available for whoever can guess the newspaper headline
00:14:17,00:14:22,that I read when this scientific study was done and discovered.
00:14:22,00:14:24,"- Tukon, play."
00:14:24,00:14:26,"- Yeah, that's what I was going for."
00:14:26,00:14:27,- It's not bad.
00:14:27,00:14:29,"- No, it's not good, though."
00:14:29,00:14:32,- A bird with a big air conditioning bill.
00:14:32,00:14:33,- Yeah.
00:14:33,00:14:35,"- I don't think I would have got there, ever."
00:14:35,00:14:38,"- Well, it's your first show back."
00:14:38,00:14:39,"- Yeah, I'm rusty."
00:14:39,00:14:46,(laughs)
00:14:46,00:14:47,- I'll give you guys a fact.
00:14:47,00:14:49,This is from Crystal Lock.
00:14:49,00:14:50,And it's a baseball fact.
00:14:50,00:14:51,He says it's another baseball fact.
00:14:51,00:14:53,I don't know if you've had one from him before.
00:14:53,00:14:56,But his fact this time is that the first recorded mention
00:14:56,00:15:00,"of the game baseball was actually in Gilford, not in America."
00:15:00,00:15:04,And it's in the diary of a guy called William Bray of Sheer.
00:15:04,00:15:05,- Wow.
00:15:05,00:15:06,"- And yeah, it's very cool."
00:15:06,00:15:07,And he sent a link.
00:15:07,00:15:08,So I read it.
00:15:08,00:15:10,And he did say I'm biased towards his fact
00:15:10,00:15:12,'cause I helped run Gilford Baseball Club.
00:15:12,00:15:14,And it's a nice thing with a home of baseball globally.
00:15:14,00:15:18,- And still I'd say the MacArthur Baseball fans.
00:15:18,00:15:20,"I mean, I've been to Gilford, and I know that's why I went there."
00:15:20,00:15:22,"- Yeah, it's in the UK, it's worth saying."
00:15:22,00:15:23,Put a lot of overseas people.
00:15:23,00:15:24,We're saying it's not in America.
00:15:24,00:15:25,It's not far off.
00:15:25,00:15:27,We played Gilford.
00:15:27,00:15:28,Have we?
00:15:28,00:15:29,- We sure have years ago.
00:15:29,00:15:30,"It was a lovely Gilford, actually."
00:15:30,00:15:31,"It's a nice, nice bookshop."
00:15:31,00:15:32,- Yeah.
00:15:32,00:15:33,"Oh, yes."
00:15:33,00:15:34,I do remember Gilford now.
00:15:34,00:15:35,"- And home of baseball, of course."
00:15:35,00:15:36,- Yeah.
00:15:36,00:15:37,- That's why we played there.
00:15:37,00:15:40,"And it's in a diary entry from the 31st of March, 1755."
00:15:40,00:15:41,It's on Easter Monday.
00:15:41,00:15:46,"And Mr. Bray says, played baseball with a space between baseball"
00:15:46,00:15:49,with a group of people having visited stoke church in the morning.
00:15:49,00:15:52,"Drank tea stayed till late, weather cloudy."
00:15:52,00:15:54,So life has sort of not changed in England.
00:15:54,00:15:55,Cloudy weather.
00:15:55,00:15:56,"- Gilford, anyway."
00:15:56,00:15:57,- Yes.
00:15:57,00:16:01,"I will say, actually, it's not the first instance of baseball in this country"
00:16:01,00:16:05,"'cause another one was founded 2019 in Walton, on Thames and Surrey."
00:16:05,00:16:07,"Again, in the UK."
00:16:07,00:16:08,And that was from 1749.
00:16:08,00:16:09,- Wow.
00:16:09,00:16:10,- And that.
00:16:10,00:16:14,"But instead of a bat at the time, you used the palm of your hand to bat the ball."
00:16:14,00:16:16,"- Oh, those are hard balls to hit her."
00:16:16,00:16:17,- Yeah.
00:16:17,00:16:18,I think the balls were a bit softer then.
00:16:18,00:16:20,"But still, I don't think it's going as far as it."
00:16:20,00:16:21,- And largely the same rules.
00:16:21,00:16:23,A diamond with bases.
00:16:23,00:16:24,- I don't think they specified.
00:16:24,00:16:27,They were mostly commenting on the tea and the cake and stuff.
00:16:27,00:16:29,- The tea and the cake and stuff.
00:16:29,00:16:30,- Is that one more?
00:16:30,00:16:31,"- Yeah, sure."
00:16:31,00:16:33,"I go on here from Melissa Whitcom, who says,"
00:16:33,00:16:35,"""I've got a fact about sniffing feet."""
00:16:35,00:16:37,"According to the Guinness World Records,"
00:16:37,00:16:42,"Madeline Olbrecht from the USA has sniffed around 5,600 feet"
00:16:42,00:16:47,and plenty of armpits in her career of 15 years working at a foot care
00:16:47,00:16:50,"and footwear firm in Cincinnati, USA."
00:16:50,00:16:52,And I went into it and it's true.
00:16:52,00:16:54,This is a Guinness World Record.
00:16:54,00:16:57,It's a very Lucy Goosey Guinness World Record.
00:16:57,00:16:58,- Absolutely.
00:16:58,00:16:59,- Kind of observed that.
00:16:59,00:17:04,"- Kind of, and also it says she sniffed approximately 5,600 feet"
00:17:04,00:17:07,"and an indeterminate number of armpits,"
00:17:07,00:17:10,which doesn't feel like something...
00:17:10,00:17:11,- It's not scientific.
00:17:11,00:17:14,"- No, but what it does sound like to me is something beatable."
00:17:14,00:17:17,"- Anna, you and I are former Guinness World Record holders."
00:17:17,00:17:18,"- Oh, okay."
00:17:18,00:17:19,- Are you sure?
00:17:19,00:17:21,- I think there must be something else out there.
00:17:21,00:17:23,Sniffing flowers?
00:17:23,00:17:25,"- Maybe we'll still do it as a team,"
00:17:25,00:17:28,but you can just be the witness to me doing the sniff.
00:17:28,00:17:29,- That's absolutely love to do that.
00:17:29,00:17:30,Who's going to provide the armpits?
00:17:30,00:17:31,"- Well, you're already supplying."
00:17:31,00:17:33,- You're patient zero.
00:17:33,00:17:34,(laughing)
00:17:34,00:17:37,- I guess swimming pools and saunas and gyms
00:17:37,00:17:38,there'll be a few bare feet around.
00:17:38,00:17:39,- Yeah.
00:17:39,00:17:40,- You go sniffing around there.
00:17:40,00:17:41,- Yeah.
00:17:41,00:17:42,- I love that.
00:17:42,00:17:43,- With your clicker.
00:17:43,00:17:44,- I live by the beach.
00:17:44,00:17:46,I just need to go for walks.
00:17:46,00:17:47,- Yeah.
00:17:47,00:17:48,"- Oh, crawls."
00:17:48,00:17:49,- You've got to get up close.
00:17:49,00:17:52,(laughing)
00:17:52,00:17:53,"- Oh, well, that's lovely."
00:17:53,00:17:54,"Thank you, Melissa."
00:17:54,00:17:55,"- Yeah, it's an appetizer."
00:17:55,00:17:56,- Why do you want to end on?
00:17:56,00:17:58,"- Okay, that is all of your facts."
00:17:58,00:18:01,And now it's time for our facts to be issued to you
00:18:01,00:18:04,"if you have joined Clubfish,"
00:18:04,00:18:05,"our exclusive members club,"
00:18:05,00:18:07,"and the friend of the podcast here,"
00:18:07,00:18:10,then you get one of our headline facts allocated to you
00:18:10,00:18:11,in perpetuity.
00:18:11,00:18:15,And so we're going to dish out a few of those now.
00:18:15,00:18:18,Let's kick off with one going out to Grammarian.
00:18:18,00:18:22,"And the fact is, before trains had corridors,"
00:18:22,00:18:25,guards had to climb along the outside of the carriage
00:18:25,00:18:26,to check your ticket.
00:18:26,00:18:27,- Yeah.
00:18:27,00:18:28,"- This is one of mine, I think."
00:18:28,00:18:29,- Very memorable facts.
00:18:29,00:18:30,"- This was from a book,"
00:18:30,00:18:32,I think it was called The Railways by Simon Bradley.
00:18:32,00:18:33,And it's an absolute stunner of a book.
00:18:33,00:18:34,It's so good.
00:18:34,00:18:37,"And it's about the insane history of early,"
00:18:37,00:18:38,it's about railways.
00:18:38,00:18:39,"But these early trains,"
00:18:39,00:18:42,"you had to, the guard would just have to clamber"
00:18:42,00:18:43,the outside of the train.
00:18:43,00:18:44,- I wonder what's the least.
00:18:44,00:18:46,- And you were locked in your carriage sometimes as well?
00:18:46,00:18:48,"- They were low speeds, I guess."
00:18:48,00:18:50,- So it wasn't like being on a bullet train.
00:18:50,00:18:51,- I'm having to.
00:18:51,00:18:54,- Crawling past Tom Cruise is having a fight on the roof.
00:18:54,00:18:56,"- It wasn't like that, I think."
00:18:56,00:18:57,"But yeah, it was pretty scary, I reckon."
00:18:57,00:18:59,"- It would be, any speed is scary"
00:18:59,00:19:02,if you're grabbing the outside of the train.
00:19:02,00:19:03,- Yeah.
00:19:03,00:19:05,- This one's for Hannah Marie Christensen.
00:19:05,00:19:07,"And this is that in the 1990s,"
00:19:07,00:19:10,Tonga's official finance minister was also
00:19:10,00:19:12,its official court jester.
00:19:12,00:19:15,"- Oh, I remember this, this was so long ago."
00:19:15,00:19:16,- Yes.
00:19:16,00:19:17,- This is vintage.
00:19:17,00:19:18,- All of these are going to be vintage.
00:19:18,00:19:19,Just heads up.
00:19:19,00:19:20,"- Well, they'll be interesting to see"
00:19:20,00:19:22,"when I stop saying that was so long ago, won't it?"
00:19:22,00:19:25,Wasn't he quite a questionable character it turned out?
00:19:25,00:19:26,- Committed some fraud.
00:19:26,00:19:27,- Yes.
00:19:27,00:19:30,- Or he certainly did a lot of dubious investing
00:19:30,00:19:32,and then fled the country.
00:19:32,00:19:34,- But we make it sound in our headline fact
00:19:34,00:19:36,like it's just a really fun light thing
00:19:36,00:19:38,"and not a big criminal, which is what we do."
00:19:38,00:19:39,- That's what we do.
00:19:39,00:19:40,- We trivialize crime.
00:19:40,00:19:41,- Yeah.
00:19:41,00:19:43,- So I see myself.
00:19:43,00:19:45,- Should we have another?
00:19:45,00:19:46,- Yeah.
00:19:46,00:19:47,- Archie Craig.
00:19:47,00:19:48,This one goes out to you.
00:19:48,00:19:50,"And the fact is that Kaiser Wilhelm,"
00:19:50,00:19:53,once lost a valuable arms contract for Germany
00:19:53,00:19:56,because he slapped the king of Bulgaria on the bottom.
00:19:56,00:19:57,- Yes.
00:19:57,00:19:58,"- This is yours, Anna."
00:19:58,00:19:59,- This is one of mine.
00:19:59,00:20:00,Yeah.
00:20:00,00:20:02,"Yeah, he was just a bit of a lad."
00:20:02,00:20:03,A bit of a jack-of-a-lad.
00:20:03,00:20:04,- Yeah.
00:20:04,00:20:08,"- And I can't, I don't think they were having an argument."
00:20:08,00:20:09,Were they?
00:20:09,00:20:10,I think he was just inappropriate.
00:20:10,00:20:11,- Exactly.
00:20:11,00:20:14,I think he was just incredibly inappropriate
00:20:14,00:20:16,with everyone around him and he didn't know how to behave.
00:20:16,00:20:17,"- Yeah, yeah."
00:20:17,00:20:18,And we've all met people like that.
00:20:18,00:20:19,- Yeah.
00:20:19,00:20:21,"- No, no names being mentioned."
00:20:21,00:20:22,"- I see, but she was looking at Andy."
00:20:22,00:20:23,"- Yeah, I know."
00:20:23,00:20:25,(laughing)
00:20:25,00:20:27,"- Yeah, we did a whole thing about Kaiser Wilhelm,"
00:20:27,00:20:29,who was eccentric.
00:20:29,00:20:31,"- Yes, he was amazing, wasn't he?"
00:20:31,00:20:32,- Yeah.
00:20:32,00:20:34,"Also, Commander-in-Chief of the Royal Dragoons"
00:20:34,00:20:35,at the start of the First World War.
00:20:35,00:20:36,- Was he?
00:20:36,00:20:37,- Yeah.
00:20:37,00:20:38,And was quickly demoted from that job.
00:20:38,00:20:40,"There's a conflict of interest there, obviously."
00:20:40,00:20:42,And he would have been fighting on our side.
00:20:42,00:20:43,If he'd turned up.
00:20:43,00:20:44,"- Oh, yes."
00:20:44,00:20:46,"- Well, I would see Commander-in-Chief of the Royal Dragoons."
00:20:46,00:20:47,"- Oh, 'cause they were cousins, weren't they?"
00:20:47,00:20:48,They were all cousins.
00:20:48,00:20:49,"- Oh, you give your cousins something."
00:20:49,00:20:51,You don't expect to go to war with him
00:20:51,00:20:52,"a year later, kind of thing."
00:20:52,00:20:54,"- Is the King, the Kaiser, and the Tsar?"
00:20:54,00:20:56,I think might have all been cousins.
00:20:56,00:20:57,"- Yeah, okay."
00:20:57,00:20:58,"- A zoo incredibly awkward, anyway."
00:20:58,00:20:59,- Yes.
00:20:59,00:21:00,- Here's another one.
00:21:00,00:21:04,"This one goes out to Tom, Tom, Tom, Tom."
00:21:04,00:21:08,"Your fact is signs saying beware of pick pockets,"
00:21:08,00:21:10,attract pick pockets.
00:21:10,00:21:12,I love this one.
00:21:12,00:21:14,And it's because people see the sign.
00:21:14,00:21:15,They pat the pockets.
00:21:15,00:21:17,"They go, ""Ah, there's my Fabricate egg."""
00:21:17,00:21:18,- Yeah.
00:21:18,00:21:20,- And then the pick pocket sees that and could just have it.
00:21:20,00:21:22,"- I need, did you mention Fabricate"
00:21:22,00:21:23,because of that story recently?
00:21:23,00:21:24,- No.
00:21:24,00:21:28,"- But did you not see that woman who, for her job,"
00:21:28,00:21:30,"for some reason, she had to be custodian of a Fabricate egg"
00:21:30,00:21:31,for 24 hours or something.
00:21:31,00:21:32,- Yes.
00:21:32,00:21:34,"- Took it home in a handbag, left her handbag on the floor"
00:21:34,00:21:36,"in a pub or something, and then a pick pocket"
00:21:36,00:21:38,just wanged it away.
00:21:38,00:21:39,- Yes.
00:21:39,00:21:40,"- You must have got home, opened the handbag,"
00:21:40,00:21:42,"and thought, ""What's this piece of tap?"""
00:21:42,00:21:43,"- Oh, no."
00:21:43,00:21:44,I've overshot here.
00:21:44,00:21:46,I'm now going to be the subject of an international manhunt.
00:21:46,00:21:47,I just wanted someone's bag.
00:21:47,00:21:49,"- Yes, that was an incredible story."
00:21:49,00:21:50,- It's extraordinary.
00:21:50,00:21:52,I want to hear the conversation with her boss the following day.
00:21:52,00:21:54,- I thought someone had swallowed one.
00:21:54,00:21:55,- What?
00:21:55,00:21:56,- No.
00:21:56,00:21:57,I haven't seen that story.
00:21:57,00:21:58,- I know.
00:21:58,00:21:59,- I've seen Fabricate.
00:21:59,00:22:00,"- No, because they're big, aren't they?"
00:22:00,00:22:03,"In my head, the police were waiting for him to lay it."
00:22:03,00:22:04,"You know, there was a..."
00:22:04,00:22:06,"Dad, I think you've created..."
00:22:06,00:22:07,You've seen this in a cartoon.
00:22:07,00:22:08,- Did I dream this?
00:22:08,00:22:09,"- No, you're thinking of..."
00:22:09,00:22:10,You think you've...
00:22:10,00:22:12,Someone was fed bananas in India
00:22:12,00:22:15,so that they would shit out a bunch of...
00:22:15,00:22:16,- Something that they'd eat.
00:22:16,00:22:18,- Did you ever lose your rubies or something?
00:22:18,00:22:19,"- Yeah, yeah."
00:22:19,00:22:20,- But that was many years ago.
00:22:20,00:22:21,I think that is...
00:22:21,00:22:22,- That's pretty different.
00:22:22,00:22:23,- That is saying.
00:22:23,00:22:25,Valiant effort to try and get down off the hook.
00:22:25,00:22:26,Doesn't work.
00:22:26,00:22:27,- Weirdly.
00:22:27,00:22:29,"I saw a separate Fabricate X story recently,"
00:22:29,00:22:30,which was...
00:22:30,00:22:33,I read the book about Prince Andrew.
00:22:33,00:22:34,- Big fan.
00:22:34,00:22:35,I just...
00:22:35,00:22:36,I just love the guy.
00:22:36,00:22:38,And I just want to get some life tips.
00:22:38,00:22:40,"No, he was touring Russia."
00:22:40,00:22:42,And I think accounts of the visit
00:22:42,00:22:44,were just that he was shown around...
00:22:44,00:22:45,This is when relations were better.
00:22:45,00:22:46,And there wasn't a war on and all of this.
00:22:46,00:22:47,And he was just...
00:22:47,00:22:48,Not that that was stopping.
00:22:48,00:22:49,"Anyway, he was just visiting."
00:22:49,00:22:51,"And he was being shown around somewhere,"
00:22:51,00:22:53,"like the Hermitage or one of the, you know,"
00:22:53,00:22:55,the royal palaces with the collection of stuff.
00:22:55,00:22:57,"And apparently he was just heavily, heavily hinting"
00:22:57,00:22:59,that he'd love to be given a Fabricate.
00:22:59,00:23:01,He'd love to own a Fabricate one day.
00:23:01,00:23:03,I was just trying to get a free Fabricate.
00:23:03,00:23:04,I got those.
00:23:04,00:23:06,"- All right, just..."
00:23:06,00:23:07,- Try a lot.
00:23:07,00:23:08,- The more I hear about this guy.
00:23:08,00:23:09,Yeah.
00:23:09,00:23:10,"All right, let's have another one."
00:23:10,00:23:14,This one goes out to Ryan Jackson.
00:23:14,00:23:17,"Ryan Jackson, your fact is now that no one is quite sure"
00:23:17,00:23:22,how to say Louis Armstrong or Louis Armstrong.
00:23:22,00:23:24,"- Are we not? - No, this..."
00:23:24,00:23:26,And we did it on the show.
00:23:26,00:23:30,"So basically, this was one of my facts."
00:23:30,00:23:33,"And I was reading the fact that no one, including his wife,"
00:23:33,00:23:35,was quite sure which version it was.
00:23:35,00:23:36,It changed all the time.
00:23:36,00:23:38,"If he was announced on a show, it was one version."
00:23:38,00:23:42,"There's multiple versions, I believe, of him saying it in different ways."
00:23:42,00:23:44,So there just wasn't one agreed version.
00:23:44,00:23:46,"Oh, that's great. I love that."
00:23:46,00:23:47,Here's another one.
00:23:47,00:23:50,"This one goes out to Grumbert,"
00:23:50,00:23:53,the man with the Guinness World Record for the lowest voice
00:23:53,00:23:58,can hit notes so low only elephants can hear him.
00:23:58,00:24:00,- Okay. - Yeah.
00:24:00,00:24:03,I'm going to go sniff those feet over there.
00:24:03,00:24:05,You create a distraction.
00:24:05,00:24:08,Who's got the lowest voice out of the four of us?
00:24:08,00:24:11,"I think you or me, but the question is who can go low."
00:24:11,00:24:13,Give me your lowest.
00:24:13,00:24:15,- Lowest. - That's for too low.
00:24:15,00:24:16,Yeah.
00:24:16,00:24:19,You can't just put a silly accent on the naked lower.
00:24:19,00:24:21,"Weirdly, you're actually like the silly accent"
00:24:21,00:24:23,is going to help you get those steps.
00:24:23,00:24:26,"Well, it does because it helps bend your mouth into places."
00:24:26,00:24:28,"Oh, there we go. Is that it?"
00:24:28,00:24:32,This is the fact of a Steph DeLaurie.
00:24:32,00:24:35,The first thing was a parliament.
00:24:35,00:24:37,And it was the old thing in Iceland.
00:24:37,00:24:39,It's been going since the 10th century.
00:24:39,00:24:40,"This is one of James's, wasn't it?"
00:24:40,00:24:41,It was James's.
00:24:41,00:24:43,"That's where we get the word thing, right?"
00:24:43,00:24:45,It's from that parliament.
00:24:45,00:24:48,And it's become meaningless enough to just mean thing now.
00:24:48,00:24:50,Is that one of the many claims
00:24:50,00:24:53,to have been the first parliamentary democracy?
00:24:53,00:24:55,I think it was. Wasn't it?
00:24:55,00:24:56,Yeah.
00:24:56,00:24:57,I think it must have been.
00:24:57,00:24:59,And we did a load of stuff about Icelandic horses.
00:24:59,00:25:00,Do you remember this?
00:25:00,00:25:01,Yeah.
00:25:01,00:25:03,Are they the ones that have a special trot as well?
00:25:03,00:25:05,"Icelandic horses, I think, have a special way of trotting"
00:25:05,00:25:07,where they'd trot with their feet the other way round
00:25:07,00:25:09,to normal horses.
00:25:09,00:25:10,Something like that.
00:25:10,00:25:12,"That sounds plausible, yes."
00:25:12,00:25:14,I think I do.
00:25:14,00:25:17,"And it's got a special name, like trirting or something like that."
00:25:17,00:25:19,"What we find, and you'll find, as we do,"
00:25:19,00:25:21,"more little fishes, Anna, is that it's amazing"
00:25:21,00:25:23,what you do and don't remember.
00:25:23,00:25:24,And it's amazing.
00:25:24,00:25:26,Like Dan's story of the guy who swallowed a feather's hair
00:25:26,00:25:28,and the police were waiting for him to lay it.
00:25:28,00:25:31,You'll find that your mind is foggier than you thought.
00:25:31,00:25:35,"When we did it with something we were asserted for like one day,"
00:25:35,00:25:37,"ten years ago, it turns out it can go anyway."
00:25:37,00:25:38,Yeah.
00:25:38,00:25:40,"The difference is, is that I immediately got picked up on it"
00:25:40,00:25:43,until you told that story about how we've got mismemories.
00:25:43,00:25:47,"I mean, basically accepted Anna's premise that their horses have"
00:25:47,00:25:48,backward legs.
00:25:48,00:25:51,Have they trot on one side of their body than the other?
00:25:51,00:25:53,And they were always falling over.
00:25:53,00:25:54,Yeah.
00:25:54,00:25:55,Something like that.
00:25:55,00:25:56,"Anyway, have that fact."
00:25:56,00:25:57,Lovely.
00:25:57,00:25:58,And one more.
00:25:58,00:25:59,"Yeah, here's the final fact."
00:25:59,00:26:00,This goes to Bronwyn.
00:26:00,00:26:03,One of the largest majorities in a Brazilian election
00:26:03,00:26:08,was won in 1958 by a rhino called Kakareko.
00:26:08,00:26:09,Kakareko.
00:26:09,00:26:11,I remember Kakareko.
00:26:11,00:26:12,Do you?
00:26:12,00:26:13,Yeah.
00:26:13,00:26:14,Still serving?
00:26:14,00:26:16,It's been a while since we did this fact.
00:26:16,00:26:18,"Yeah, you'd think it was just a protest vote."
00:26:18,00:26:21,"But no, he just had a very strong campaign."
00:26:21,00:26:25,"Worker's rights, sorting out immigration."
00:26:25,00:26:28,"Yeah, it was they ever, everyone hated the current leaders, didn't they?"
00:26:28,00:26:30,"Why don't we do more of that here, putting animals up for election?"
00:26:30,00:26:31,"That would be fun, wouldn't it?"
00:26:31,00:26:34,I think that would have made the latest council elections in Britain
00:26:34,00:26:35,more entertaining.
00:26:35,00:26:36,"Yeah, yeah."
00:26:36,00:26:40,Would you have voted for a rhino if there'd been one on your ballot paper?
00:26:40,00:26:42,Regardless of party.
00:26:42,00:26:44,I don't think I would.
00:26:44,00:26:45,Okay.
00:26:45,00:26:46,Killjoy.
00:26:46,00:26:48,But I just remember the details of this fact.
00:26:48,00:26:51,I think Kakareko means rubbish.
00:26:51,00:26:52,Yeah.
00:26:52,00:26:53,It does.
00:26:53,00:26:55,I don't think that was a part of the electoral pitch.
00:26:55,00:26:58,I don't think the pitch was I'm a rubbish candidate.
00:26:58,00:26:59,Okay.
00:26:59,00:27:01,I think it was I'm a rhino and you hate all the humans.
00:27:01,00:27:02,Okay.
00:27:02,00:27:04,"Yeah, you're right, actually, Anna."
00:27:04,00:27:06,"I mean, given the choice, I probably would vote for a rhino."
00:27:06,00:27:07,There you go.
00:27:07,00:27:08,Yeah.
00:27:08,00:27:09,What's the headline?
00:27:09,00:27:11,We did the beak.
00:27:11,00:27:12,Eric conditioner.
00:27:12,00:27:13,He'll give you the horn.
00:27:13,00:27:14,And that's what you want.
00:27:14,00:27:15,Is it from your elected politician?
00:27:15,00:27:17,It's slightly too sexy.
00:27:17,00:27:18,I regret.
00:27:18,00:27:22,I regret saying that as a slogan.
00:27:22,00:27:24,I've got it.
00:27:24,00:27:27,"To be a politician, you need thick skin."
00:27:27,00:27:28,Yes.
00:27:28,00:27:29,Very good.
00:27:29,00:27:30,Yeah.
00:27:30,00:27:31,Yeah.
00:27:31,00:27:32,That's it.
00:27:32,00:27:33,That is it.
00:27:33,00:27:34,And I'll give you the horn.
00:27:34,00:27:37,That's the scandal that makes you leave office.
00:27:37,00:27:40,That's when we take the rubbish out.
00:27:40,00:27:41,Okay.
00:27:41,00:27:42,That is it.
00:27:42,00:27:43,That is all of your facts.
00:27:43,00:27:47,"If you would like to have a fish headline fact dedicated to you from now and forever more,"
00:27:47,00:27:51,all you need to do is go to patreon.com/clubfish.
00:27:51,00:27:55,"Even if you don't want to sign up to be a friend of the podcast, there is so much fun stuff on there."
00:27:55,00:27:59,There's a free tier where you get little extra videos and goodies and all sorts of bonus material.
00:27:59,00:28:01,And there's all sorts of other stuff on there.
00:28:01,00:28:03,patreon.com/clubfish.
00:28:03,00:28:10,"And if you would like to submit a fact to be on little fish in future, just email podcast@QI.com."
00:28:10,00:28:13,We read absolutely every single one and we love receiving them.
00:28:13,00:28:16,So podcast@QI.com is the email to send it to.
00:28:16,00:28:17,That's it from us.
00:28:17,00:28:20,We'll see you in a few days for another episode of No Such Thing as a Fish.
00:28:20,00:28:21,Bye for now.
00:28:21,00:28:30,[Music]
00:28:30,00:28:40,[BLANK_AUDIO]
